# number of vertices
178
# vertices
-0.51 -0.6975
-0.025 -0.6875
0.271667 -0.445
0.341667 0.4825
0.155 0.365
-0.09 0.065
-0.115 -0.205
-0.35 -0.1225
-0.32 0.2825
-0.145 0.4175
0.128333 0.55
0.381667 0.6325
0.245 0.825
-0.045 0.765
-0.45 0.64
-0.865 0.555
-0.79 0.7775
-0.468333 0.8525
-0.165 0.855
0.161667 0.8525
0.395 0.8925
0.553333 0.775
0.621667 0.3625
0.483333 -0.0475
0.508333 -0.515
0.608333 -0.72
0.761667 -0.4325
0.795 0.0875
0.77 0.655
0.74 0.8825
0.51 0.9625
0.235 0.9625
-0.313333 0.99
-0.498333 0.955
-0.866667 0.9
-0.925 0.795
-0.903333 0.26
-0.668333 0.3525
-0.558333 0.47
-0.331667 0.595
-0.22 0.5975
-0.261667 0.4375
-0.486667 0.2425
-0.65 0.055
-0.586667 -0.21
-0.485 -0.245
-0.125 -0.3325
0.0283333 -0.14
0.015 0.1125
0.141667 0.15
0.223333 0.105
0.163333 -0.17
0.118333 -0.3775
-0.45 -0.5475
-0.586667 -0.4675
-0.786667 -0.2125
-0.786667 0.11
-0.731667 0.2425
-0.551667 0.27
-0.466667 0.3425
-0.473333 0.3725
-0.555 0.3625
-0.676667 0.33
-0.816667 0.195
-0.901667 0.09
-0.928333 -0.2425
-0.868333 -0.55
-0.761667 -0.645
-0.818333 -0.8275
-0.61 -0.9425
-0.336667 -0.895
0.0433333 -0.8775
0.366667 -0.9025
0.651667 -0.895
0.776667 -0.83
0.901667 -0.5675
0.903333 -0.2675
0.876667 0.1725
0.898333 0.5625
0.876667 0.96
0.84 0.8725
0.848333 0.705
0.87 0.4575
0.87 0.1175
0.843333 -0.1775
0.828333 -0.485
0.698333 -0.86
0.508333 -0.85
0.428333 -0.84
0.321667 -0.78
0.335 -0.525
0.388333 -0.28
0.415 -0.05
0.43 0.11
0.448333 0.37
0.515 0.575
0.476667 0.77
0.441667 0.8275
0.37 0.77
0.408333 0.6825
0.421667 0.5625
0.401667 0.4875
0.38 0.5325
0.273333 0.5575
0.208333 0.515
0.04 0.435
-0.0366667 0.39
-0.18 0.28
-0.281667 0.095
-0.266667 0.0175
-0.215 0.0325
-0.14 0.17
-0.0783333 0.27
-0.00833333 0.35
0.0916667 0.425
0.193333 0.4625
0.253333 0.485
0.336667 0.5025
0.425 0.3375
0.38 0.1475
0.373333 -0.055
0.356667 -0.2375
0.283333 -0.5775
0.24 -0.695
0.12 -0.795
-0.21 -0.815
-0.386667 -0.81
-0.61 -0.7875
-0.686667 -0.7225
-0.836667 -0.485
-0.878333 -0.315
-0.888333 0.01
-0.858333 -0.045
-0.836667 -0.15
-0.778333 -0.365
-0.703333 -0.5425
-0.61 -0.5575
-0.511667 -0.5925
-0.415 -0.6375
-0.241667 -0.6475
-0.0466667 -0.5575
0.133333 -0.4675
0.191667 -0.365
0.233333 0.0075
0.24 0.1175
0.236667 0.2075
0.161667 0.225
0.065 0.1575
0.0633333 0.155
0.126667 0.28
0.138333 0.2825
0.253333 0.3275
0.26 0.3075
0.298333 0.1575
0.296667 0.0475
0.283333 -0.08
0.265 -0.2175
0.24 -0.3775
0.22 -0.4375
0.16 -0.52
0.0683333 -0.57
-0.0283333 -0.5975
-0.111667 -0.63
-0.186667 -0.6775
-0.42 -0.665
-0.508333 -0.6475
-0.601667 -0.6225
-0.641667 -0.6125
-0.645 -0.7
-0.591667 -0.7175
-0.928333 -0.9425
0.903333 -0.9425
0.903333 0.99
-0.928333 0.99
-0.313333 -0.9425
0.903333 -0.2425
-0.61 0.99
-0.928333 -0.2675
# number of small polygons
5
# small polygons indices
69 70 71 72 73 74 75 76 77 78 79 80 81 82 83 84 85 86 87 88 89 90 91 92 93 94 95 96 97 98 99 100 101 102 103 104 105 106 107 108 109 110 111 112 113 114 115 116 117 118 119 120 121 122 123 124 125 126 127 128 129 130 131 132 133 134 135 136 137 138 139 140 141 142 143 144 145 146 147 148 149 150 151 152 153 154 155 156 157 158 159 160 161 162 163 164 165 166 167 168 169 0 1 2 3 4 5 6 7 8 9 10 11 12 13 14 15 16 17 18 19 20 21 22 23 24 25 26 27 28 29 30 31 32 33 34 35 36 37 38 39 40 41 42 43 44 45 46 47 48 49 50 51 52 53 54 55 56 57 58 59 60 61 62 63 64 65 66 67 68 
69 174 171 76 75 74 73 72 71 70 
76 175 172 32 31 30 29 28 27 26 25 24 23 22 21 20 19 18 17 16 15 14 13 12 11 10 9 8 7 6 5 4 3 2 1 0 169 168 167 166 165 164 163 162 161 160 159 158 157 156 155 154 153 152 151 150 149 148 147 146 145 144 143 142 141 140 139 138 137 136 135 134 133 132 131 130 129 128 127 126 125 124 123 122 121 120 119 118 117 116 115 114 113 112 111 110 109 108 107 106 105 104 103 102 101 100 99 98 97 96 95 94 93 92 91 90 89 88 87 86 85 84 83 82 81 80 79 78 77 
32 176 173 65 64 63 62 61 60 59 58 57 56 55 54 53 52 51 50 49 48 47 46 45 44 43 42 41 40 39 38 37 36 35 34 33 
65 177 170 69 68 67 66 
