# number of vertices
23
# vertices
-0.328333 -0.6925
0.601667 -0.425
0.313333 0.1025
0.796667 0.42
0.593333 0.7875
0.21 0.3525
-0.07 0.68
0.0516667 0.095
-0.545 0.31
-0.421667 0.6975
-0.628333 0.8375
-0.798333 0.205
-0.661667 -0.26
-0.36 -0.1375
-0.533333 -0.8875
-0.798333 -0.8875
0.796667 -0.8875
0.796667 0.8375
-0.798333 0.8375
-0.798333 0.42
-0.628333 -0.8875
0.796667 0.205
-0.533333 0.8375
# number of small polygons
5
# small polygons indices
14 0 1 2 3 4 5 6 7 8 9 10 11 12 13 
14 16 21 3 2 1 0 
3 17 22 10 9 8 7 6 5 4 
10 18 19 11 
11 15 20 14 13 12 
