# segment
-0.133333 0.955
0.488333 -0.8375
# number of vertices
213
# indices
0 1 2 3 4 5 6 7 8 9 10 11 12 13 14 15 16 17 18 19 20 21 22 23 24 25 26 27 28 29 30 31 32 33 34 35 36 37 38 39 40 41 42 43 44 45 46 47 48 49 50 51 52 53 54 55 56 57 58 59 60 61 62 63 64 65 66 67 68 69 70 71 72 73 74 75 76 77 78 79 80 81 82 83 84 85 86 87 88 89 90 91 92 93 94 95 96 97 98 99 100 101 102 103 104 105 106 107 108 109 110 111 112 113 114 115 116 117 118 119 120 121 122 123 124 125 126 127 128 129 130 131 132 133 134 135 136 137 138 139 140 141 142 143 144 145 146 147 148 149 150 151 152 153 154 155 156 157 158 159 160 161 162 163 164 165 166 167 168 169 170 171 172 173 174 175 176 177 178 179 180 181 182 183 184 185 186 187 188 189 190 191 192 193 194 195 196 197 198 199 200 201 202 203 204 205 206 207 208 209 210 211 212
# vertices
-0.0283333 -0.405
0.611667 -0.265
0.711667 0.3075
0.236667 0.08
0.276667 0.61
0.55 0.53
0.743333 0.6875
0.876667 0.2875
0.743333 -0.005
0.793333 -0.405
0.273333 -0.7575
0.601667 -0.3725
0.236667 -0.515
-0.48 -0.61
-0.25 -0.225
0.0816667 -0.26
-0.0883333 0.27
-0.916667 0.5175
-0.9 0.7175
-0.75 0.73
-0.838333 0.8875
-0.626667 0.86
-0.646667 0.6175
-0.778333 0.5875
-0.78 0.605
-0.738333 0.645
-0.691667 0.725
-0.69 0.805
-0.715 0.8075
-0.758333 0.8625
-0.765 0.8175
-0.721667 0.755
-0.723333 0.74
-0.771667 0.685
-0.855 0.6525
-0.851667 0.5675
-0.843333 0.555
-0.711667 0.5375
-0.651667 0.55
-0.551667 0.6725
-0.526667 0.805
-0.551667 0.9475
-0.783333 0.9775
-0.866667 0.9675
-0.916667 0.93
-0.905 0.8725
-0.883333 0.84
-0.905 0.7775
-0.96 0.7725
-0.95 0.8925
-0.946667 0.9375
-0.886667 0.965
-0.851667 0.9875
-0.843333 0.99
-0.706667 0.9925
-0.628333 0.995
-0.565 0.9825
-0.388333 0.9475
-0.175 0.92
0.0766667 0.94
0.29 0.9625
0.491667 0.975
0.771667 0.965
0.891667 0.945
0.931667 0.9225
0.913333 0.7375
0.791667 0.6875
0.681667 0.825
0.751667 0.865
0.858333 0.86
0.756667 0.9325
0.545 0.8825
-0.0566667 0.8175
-0.315 0.8425
-0.486667 0.89
-0.506667 0.8075
-0.486667 0.5475
-0.613333 0.49
-0.631667 0.4825
-0.331667 0.4575
-0.316667 0.4925
-0.423333 0.7475
-0.298333 0.795
-0.105 0.7475
0.11 0.725
0.28 0.78
0.465 0.825
0.616667 0.8425
0.635 0.7875
0.62 0.69
0.355 0.67
0.176667 0.68
-0.128333 0.6275
-0.258333 0.465
-0.125 0.4475
-0.00166667 0.455
-0.0166667 0.5125
-0.0566667 0.5425
-0.0283333 0.5725
0.118333 0.6075
0.18 0.58
0.0616667 0.41
-0.1 0.4
-0.285 0.385
-0.395 0.39
-0.0633333 0.33
-0.045 0.35
0.0783333 0.3625
0.223333 0.4225
0.215 0.585
0.21 0.64
0.278333 0.6425
0.323333 0.64
0.251667 0.6275
0.243333 0.595
0.221667 0.515
0.245 0.3925
0.218333 0.3325
0.11 0.25
-0.0433333 0.2475
-0.01 0.1425
0.055 0.05
0.0683333 -0.065
0.266667 -0.095
0.35 -0.03
0.463333 0.0725
0.233333 0.04
0.15 0.0475
0.135 0.135
0.171667 0.1325
0.203333 0.0825
0.315 0.0725
0.34 0.0725
0.478333 0.0925
0.595 0.1375
0.566667 0.105
0.493333 -0.0575
0.2 -0.1725
0.075 -0.315
0.05 -0.3225
-0.186667 -0.3675
-0.24 -0.425
-0.32 -0.48
-0.0616667 -0.4675
0.01 -0.4525
0.246667 -0.415
0.383333 -0.3975
0.551667 -0.3675
0.625 -0.3575
0.663333 -0.3075
0.708333 -0.285
0.71 -0.1875
0.708333 -0.0675
0.736667 0.1775
0.806667 0.315
0.735 0.57
0.666667 0.5175
0.378333 0.41
0.328333 0.4825
0.278333 0.25
0.38 0.1925
0.455 0.335
0.463333 0.355
0.656667 0.38
0.72 0.345
0.73 0.1925
0.698333 0.1425
0.701667 0.0825
0.685 -0.0575
0.685 -0.1475
0.671667 -0.2125
0.656667 -0.25
0.578333 -0.325
0.52 -0.3375
0.393333 -0.3625
0.325 -0.3825
0.151667 -0.4125
0.0566667 -0.415
-0.0533333 -0.4225
-0.113333 -0.4325
-0.171667 -0.4175
-0.0683333 -0.37
0.118333 -0.3275
0.218333 -0.2975
0.358333 -0.2225
0.491667 -0.125
0.595 -0.0375
0.618333 0.155
0.45 0.1725
0.418333 0.145
0.448333 0.16
0.401667 0.1075
0.403333 0.145
0.43 0.1625
0.426667 0.17
0.45 0.18
0.455 0.18
0.475 0.1825
0.511667 0.1875
0.573333 0.19
0.62 0.1925
0.631667 0.185
0.653333 0.1175
0.628333 -0.065
0.59 -0.1475
0.56 -0.215
0.43 -0.2475
0.35 -0.2675
0.296667 -0.2875
0.231667 -0.3125
0.163333 -0.3225
0.055 -0.365
-0.02 -0.39
# number of small polygons
11
# small polygons indices
217 59 60 61 62 63 64 65 66 67 68 69 70 71 72 218 
218 73 74 75 76 77 78 79 80 81 82 83 219 220 92 93 94 95 96 97 98 221 222 102 103 104 105 106 223 224 118 119 120 121 122 225 228 137 138 139 140 141 142 143 144 145 229 216 12 13 14 15 16 17 18 19 20 21 22 23 24 25 26 27 28 29 30 31 32 33 34 35 36 37 38 39 40 41 42 43 44 45 46 47 48 49 50 51 52 53 54 55 56 57 58 217 
229 146 147 148 149 150 151 152 153 154 155 156 157 158 159 160 161 162 163 164 165 166 167 168 169 170 171 172 173 174 230 213 1 2 3 4 5 6 7 8 9 214 215 11 216 
214 10 215 
230 175 176 177 178 179 180 181 182 183 231 232 208 209 210 211 212 0 213 
231 184 185 186 187 188 189 190 191 192 193 194 195 196 197 198 199 200 201 202 203 204 205 206 207 232 
225 123 124 125 126 226 227 129 130 131 132 133 134 135 136 228 
226 127 128 227 
223 107 108 109 110 111 112 113 114 115 116 117 224 
221 99 100 101 222 
219 84 85 86 87 88 89 90 91 220 
